523
1075
2171
2327
2671
3504
3571
3656
3908
3984
4211
4464
4674
4804
6190
6213
7436
8624
8655
8692
8896
8984
9219
9256
9936
9936
9936
10100
10282
10473
10507
10534
10706
11051
11051
11197
11473
11899
12012
12012
12158
12158
12610
12610
13633
13864
14838
15435
15534
16189
16393
16573
16591
16789
17212
17381
17782
18380
18628
18628
18879
19605
19979
20252
21095
21199
21210
21210
21210
21210
21759
21784
21970
22105
22449
22454
22582
22725
22911
22963
23060
23076
23610
24117
24117
24204
24265
24265
24927
24961
25023
25023
25070
25360
25360
25902
26173
26184
26371
26841
27216
27216
27312
27447
27793
27933
28206
28432
28772
29236
29497
29603
29851
30488
30894
31288
31460
31650
31650
31650
31652
31782
31933
32026
32461
32585
33229
33229
33488
33765
33945
33971
33971
34198
34523
34548
34674
34883
35113
35174
35200
35415
35750
35837
36078
36440
36440
36464
36637
36878
37090
37220
37220
37224
37338
37385
37512
38377
38377
38432
38532
38545
39398
40192
40477
40477
40707
41256
41480
41973
42077
42162
42162
42548
42589
43013
43325
43391
43491
43553
43731
44070
44070
44205
44366
44397
44397
44681
45822
45849
45849
45963
46163
46163
46828
47382
47382
47635
47686
47686
47707
47797
47834
48004
48097
48097
48097
48097
48179
48190
48190
48219
48219
49396
49410
49499
49507
49750
50579
50579
51306
51451
51469
51469
51849
52039
52152
52206
52279
52540
52540
52540
52656
52865
52927
53235
53455
53455
53456
53577
53692
53760
54583
54650
54681
54694
55117
55889
56198
57090
57293
58044
59144
59703
59842
60793
61048
61051
61051
61081
61710
61819
61993
62364
63530
63530
63530
63530
63554
64134
65301
65453
65453
65534
65534
65534
67146
67407
67407
67407
67498
67665
68466
69116
69179
69348
69711
70494
72179
72191
72540
72782
73077
73327
73466
73555
73980
74162
74475
74829
74994
74994
75542
75542
75772
75845
76285
77109
77454
77454
78048
78254
79046
79046
79208
79282
79608
79796
80139
80204
80324
81150
81224
81266
81801
82601
82825
83580
83623
84152
84352
84676
85013
85057
85057
85057
85802
86133
86755
87194
87394
87638
87767
87769
88315
88623
88662
89408
89510
89547
89957
90008
90817
91045
92603
92669
92991
93530
93614
94450
94522
94565
95195
95610
95671
95878
96231
96306
97310
97883
98434
98662
98884
99326
99599
99949
100363
101709
101924
101924
101952
102010
102010
102081
102611
102611
102978
103431
104104
104104
104614
104753
105439
106077
106327
106457
106488
106630
107302
107748
108577
108577
108852
109308
109338
109475
109698
110065
110414
110705
110879
110884
111281
111315
111784
111794
111802
111802
112794
114020
114399
114545
114905
115233
115291
115672
116196
116542
116867
117546
118309
118309
118402
118771
118799
118871
118946
119076
119535
119979
120288
120335
120373
120373
120427
120596
120786
121640
122567
123688
123688
124139
124325
124512
125085
125096
125846
126149
126472
126472
126759
126964
127885
128161
128719
128923
129683
130323
130336
132027
132105
132161
132673
132721
132721
132721
132885
133682
133959
133959
133959
134322
134576
134781
134905
134979
135345
135451
135961
136163
137496
137873
137934
138099
138422
138422
138888
139230
139380
139438
139482
140001
140001
140429
140902
141383
141777
141944
141944
142422
142422
142854
142997
143134
143270
144074
144391
144406
144729
144732
144778
144974
145001
145042
145142
145169
145228
145473
145554
145690
145690
145698
145772
146686
147713
148128
148136
148395
148564
148566
148566
148615
150051
150142
150149
150149
150214
150286
150286
150392
150481
150888
150975
151663
152986
153006
153006
153006
153006
153011
153011
153541
153541
153541
153746
154462
154529
154985
154985
154985
155392
155452
155568
156033
156314
156384
156751
156776
157019
157686
157978
159344
159925
160060
160099
160266
161043
161154
161432
161772
161785
161847
161975
161975
162616
163425
163659
163725
164303
164522
164641
164793
165100
165126
165511
165685
166196
167256
167256
167256
167270
168039
168678
168752
169224
169574
169628
170525
170689
171605
171920
172570
172952
173089
174001
174278
175053
175206
175434
175699
175755
176099
176282
176442
176442
176759
177591
178414
178596
178863
178898
178980
178980
179416
179425
179470
179997
180136
180531
181639
182228
182653
182675
182747
183032
183306
183439
183458
183471
183471
183605
183605
183793
184995
185568
185769
186411
186508
187370
187532
187662
187853
187886
188016
188322
188322
188490
188958
189426
189495
189980
190023
190034
190534
191406
191781
191785
191785
192164
192164
192173
192176
192326
192426
192426
192751
192942
193068
193089
193089
194296
194904
196168
196168
196393
196525
197528
197971
198645
198772
199475
199475
199475
199867
200521
200561
200561
200561
201030
201318
201318
201318
201412
202193
202265
202736
203410
203465
203465
203619
203808
204107
204632
205212
205319
205348
205717
206128
206247
206318
206650
206749
206763
207180
207193
207355
207355
208314
208314
208582
208583
208583
208784
209098
209202
209556
209790
210495
210504
211116
211169
211581
211584
211996
212065
212149
212582
212582
213297
214005
214164
214203
215005
216311
216605
217049
218395
218767
218907
219238
220211
220536
220610
220676
221957
222200
222363
222448
222565
222768
223545
224285
224750
224872
224872
225223
225713
225713
226227
226611
226985
227019
227046
227463
227492
227526
227812
228359
228479
228719
228978
229712
229712
229714
229906
230503
231148
231353
231558
231558
231668
231668
231865
231865
231884
232301
233770
233770
234593
234730
235495
235522
235590
235609
235984
235984
236370
236370
237051
237051
237106
237393
238066
238066
238105
238575
240037
240037
240176
240540
240711
240847
240847
240847
240992
241323
241609
241701
241724
241937
242002
242507
242798
242887
244407
244948
245102
245194
245274
245274
245837
246149
246428
246706
246864
247606
247618
247815
247948
249245
249321
249872
250409
250409
250645
250742
251419
251748
251855
252601
252837
253200
253200
253200
253431
253532
253532
254212
254369
254424
254487
254649
254938
254981
255016
255103
255568
255634
255837
255837
255915
256422
256642
256867
256867
257498
258543
258708
258807
259002
259002
259011
259841
260143
260984
261074
261200
261206
261404
261868
262150
262243
262603
262652
262813
263090
263109
265066
265551
265551
266000
266402
266402
266733
266874
266909
267249
267284
267307
268122
268281
268392
269052
269390
269483
269912
270178
270214
271351
272236
272653
273306
273453
273614
273614
273994
274100
274527
275672
275771
276255
276557
277152
277228
277610
277845
278356
278421
279004
279492
281187
281536
281814
282179
282262
282440
282803
282889
283010
283032
283993
284128
285312
286087
286087
286087
286087
286087
286196
286420
286533
286823
286913
286995
287204
287332
287652
287662
287907
288414
288414
288414
289284
289524
289554
289635
291062
291278
291547
292047
292137
292378
292616
292971
293054
293322
293322
293483
294609
294637
294656
295226
295482
295720
296004
296143
296622
296917
297919
297926
297926
298216
298216
298545
298644
298645
298876
299311
299312
299724
300765
300924
300924
301123
301178
301178
301515
301989
302716
302963
304375
304737
304825
304949
305113
305469
305527
305633
305669
305671
305783
306116
306116
306295
306295
306360
306370
306730
306730
306976
307903
307903
308612
308751
309157
309157
309169
309386
310153
310164
310164
310350
310735
311106
311715
311787
312054
312121
312637
313500
313960
314024
314075
314153
315014
315014
315967
316389
316389
316846
316901
317211
318527
318615
318948
318958
319253
319256
319256
319405
319651
320300
320499
320499
320549
320723
320885
320898
321102
321937
321937
322532
323067
323145
323156
323156
323156
323602
323647
324357
324623
325791
326072
326077
326195
326218
326218
326581
327860
328183
328355
329262
329488
330367
330427
330427
330482
330715
330715
330854
330957
331088
331088
332289
332354
332773
332828
332962
333495
333536
333681
334140
334390
335434
335451
335536
336505
336991
337163
337245
337245
337423
337631
337901
337928
338128
338442
338724
339050
339722
340124
340276
340345
340377
340566
340661
340689
341400
342062
342361
342973
343073
343763
343920
343920
344492
344492
346111
346614
347271
347684
348705
348705
348705
349510
349650
349794
350051
351751
351778
351789
351927
352111
352111
352503
352935
353272
353272
353822
354574
354865
355148
355148
355148
355386
355540
355540
356358
356756
357427
357864
358239
358542
358801
359225
360314
360814
360996
361307
361318
361338
362343
363190
363571
364340
364833
364937
365316
365517
365743
365859
365859
366700
367189
367364
367504
368248
368334
368444
368929
369028
369246
369373
370067
370577
370577
370767
370939
371249
371249
371249
372931
373596
374175
374218
374269
374775
374926
375466
375622
375765
376328
376509
377113
377346
377754
377822
378094
378420
378515
379069
379277
380175
380780
380780
380783
380959
380959
381434
381947
382061
383453
383453
383538
383794
383894
384395
384395
384600
385075
385166
385398
385690
385823
385838
386027
386175
386561
387389
387510
388063
388091
388091
388323
388323
388396
388601
388905
389531
389690
390152
390336
390409
391101
391539
391882
392061
392338
392512
392736
392830
392854
393407
393659
393704
393825
394031
394070
394375
394432
394516
395164
395241
395392
395891
395965
396287
396382
397010
397693
398014
398500
398620
399521
399741
400079
400195
400317
400738
400845
401207
401680
401749
402000
402064
402536
402650
402886
403036
403093
403619
404154
404321
404470
405236
405959
406060
406437
406688
407120
407445
407951
408493
410280
410393
410393
411012
411507
411507
411719
412411
412921
413115
413290
413631
413723
413737
413737
413783
413783
413800
413800
413800
414111
414201
414201
414201
414349
414369
414450
414450
416459
416555
417044
417044
417044
418323
418341
418746
418902
419284
419539
419582
419731
420521
420704
421408
421513
422121
422305
422664
422774
422932
423812
424132
424156
424475
424618
424633
424633
425036
425142
425191
425524
425854
425994
425994
426768
427121
427122
427388
427589
427621
427737
427906
428160
428215
428270
428494
428654
428834
428872
429565
430087
430543
430671
430808
431059
431090
431227
431314
431326
431853
432118
432461
432919
433029
433937
434358
435251
435468
435842
436272
436764
437132
437158
437197
437251
438949
439401
439646
439754
439763
439824
439824
439824
439858
439918
440258
441269
441286
441807
442340
442350
442354
442432
442771
442965
442998
443396
443893
444161
444883
444914
445182
445184
446243
447007
447748
447812
448279
448797
448975
449118
449377
449749
449840
450239
450239
450496
450698
450698
451346
451719
452205
453001
453052
453135
453376
453758
453801
454448
454614
455067
456333
458099
458470
458600
459105
459567
459999
460270
461254
461562
461572
461572
461901
462555
462935
463320
463655
463724
464174
464645
464645
464912
466025
466025
466081
466081
467148
467385
467657
467834
468415
468430
468825
469213
469813
470261
470519
471028
471368
471489
471544
471559
471761
472570
472678
472967
472967
473027
473035
473528
473528
473528
473656
474251
474458
474740
475143
475281
475309
475812
476039
476203
476312
476461
477055
477227
477281
477544
478380
478620
478796
478896
479062
479578
479732
479771
479958
480107
480107
480411
480755
480858
481133
481133
481533
481555
481568
481982
481993
482390
482544
483162
483236
483347
483833
484549
484596
484873
485216
485494
485494
486141
486141
486142
486226
486370
486653
487050
487106
487106
487106
487181
487944
488327
488881
490239
490249
490249
490281
490364
490682
490727
491353
492171
492250
492263
492541
492835
492835
492856
492877
492877
492877
493099
493408
493501
493501
493501
493925
494239
494331
495209
495588
495731
496092
496261
496561
496561
496561
496644
497020
497020
497748
497748
498383
498657
498916
499517
499517
499575
499927
500302
500992
501122
501433
502190
502794
503864
504025
504756
505459
505602
505833
507313
507786
507994
508530
508822
509027
509123
509200
509203
509231
509231
509231
509566
509653
509653
509771
510669
510754
510754
510754
510941
511311
512025
512025
512107
512224
512247
512277
512324
512525
512624
512877
512877
513794
514165
514586
514631
514689
514689
514829
517315
517354
517580
517722
517891
517938
518037
518051
519265
519749
520373
520373
520514
520614
520727
520830
520853
520964
521170
521476
521698
522127
523059
523147
523175
523298
523723
523761
523987
524237
525598
526139
526761
526781
527053
527089
527515
527846
527846
527846
527846
527846
528006
528695
528743
529051
530602
530932
531194
531998
532374
532833
532866
532941
532941
533792
533891
534867
535415
535822
535827
535955
535971
536339
536779
537161
537161
537608
537615
537615
537692
537692
538134
538151
539482
539969
540296
540676
540700
540948
541294
541306
542277
542417
542471
542997
543131
543138
543586
543886
544293
544297
544997
544997
545193
545738
545738
546111
546206
546319
546548
546619
546745
546766
547676
547922
548400
549306
549397
549405
549546
549574
549582
549593
549799
549955
550589
550793
551809
552287
552793
552985
553132
554393
554597
555776
556505
556836
556917
556917
557085
557164
558063
558206
558465
558777
559104
559733
559733
560041
560041
560228
560681
560750
560818
561143
561310
561816
562502
562698
562862
562885
562948
563541
563541
563541
563632
564535
564616
564633
564865
565171
565382
565801
566081
566280
566445
566478
566554
567209
567528
567732
568252
569996
570845
570845
571043
572373
572610
572972
573059
573209
573313
573313
573923
573960
574130
574164
574444
574444
574444
574444
574523
574526
575375
576475
576477
576921
577709
577725
578462
578700
579256
580257
580813
581139
581980
583561
583561
583561
584233
584263
584263
584524
585289
585626
585626
585626
585626
585733
585733
586581
587072
587093
587093
587186
587886
587886
588207
588587
588851
589234
589357
589357
590116
590173
590623
591921
591926
592457
592830
592832
592832
592964
592964
593421
594002
594007
594436
594490
594782
594957
595535
596073
596783
596790
596870
596996
597264
597366
597497
597547
597696
597763
598367
598810
599149
599780
599877
600191
600365
600541
600675
600887
600928
601427
601461
601618
601881
602172
602455
602624
602658
602782
603030
603241
603284
603339
603870
604113
604252
604541
604775
604799
604901
605457
605562
605596
605748
605822
605875
606070
606694
606769
606966
606991
607276
607460
607874
607947
607986
608086
608218
608885
608951
608951
609834
610926
611255
611614
612905
612905
613311
613990
614506
614508
614693
615169
615355
615728
615812
615895
617153
619237
619237
620192
620384
620717
620904
620984
621037
621041
621051
621051
621177
621220
621323
621465
621810
622480
622665
623761
623955
624181
624399
624528
624916
625605
625605
625616
625754
626055
626055
626123
626920
627768
627964
628422
629147
629754
629838
630305
630305
630305
630305
630324
630531
630932
631253
631561
631642
632049
632187
632187
632304
632304
632304
632304
632304
632350
633005
633351
633771
633847
635443
635531
636294
636390
636989
636997
637381
637557
637585
637654
638792
638952
639022
639240
639490
640258
640299
640410
640600
640602
641022
641272
641330
641374
641394
641890
642344
642351
642351
642916
642916
642916
643377
643483
644687
645103
645147
645147
645162
645549
645781
645822
645838
646436
646589
646993
647238
647238
647981
648453
648546
648743
649166
650412
650986
652536
652966
653064
653327
653831
654571
654889
654955
655162
655782
656562
656614
657028
657113
657115
657252
657948
657964
658214
658523
658609
658811
658962
659132
659234
659387
659481
659869
661753
661833
662078
662684
663239
663239
663938
664140
664543
664543
664779
664968
665050
665382
665450
666250
666394
666815
666853
666878
666993
667423
667538
667710
667841
668029
668165
668520
669971
670806
671091
671421
671503
671648
672159
672402
672421
672448
672559
672700
672734
672807
673161
673273
673288
673569
674461
674715
675102
675249
675361
675444
675578
675834
675856
675856
675989
676944
677044
677167
677200
677200
677200
677200
677872
678273
678566
679123
679123
679151
679166
679669
679707
680126
680302
680302
680839
680949
681071
681071
681580
681970
681970
681999
682211
682392
682408
682540
682733
683984
684474
685693
685958
686149
686617
687446
687703
687764
687773
688214
688504
688504
688547
689180
689232
689612
689750
689750
689796
691338
691350
691914
691914
692251
692404
692449
692553
692623
693079
693079
693213
693724
694653
695066
695857
696322
696322
696322
696322
696393
696473
696867
696954
697320
697389
697658
697658
697658
697790
697948
698360
698550
698550
698937
699016
699220
700081
700448
700675
701149
701939
703685
703685
703749
704656
704660
704888
704888
705256
705993
706063
706130
706432
707308
707380
707466
707750
708484
708592
708592
708834
709117
709117
709602
709602
709850
710189
710201
710264
711002
711002
711002
711140
711323
711323
711523
711780
712953
713141
713757
714219
714327
714476
714714
714768
714768
714768
714800
715128
715435
715945
715945
716178
716403
716566
716790
716822
716822
716822
717422
717934
717934
717934
718968
719510
719659
719659
719855
719855
719855
719861
720392
720427
720703
720764
720815
720845
721101
721122
723255
724212
724220
724582
724582
724582
725101
725346
725346
725670
726219
726749
727106
727610
727897
728648
728977
730527
730799
730874
731457
731782
732250
732412
733092
733105
733680
734226
734549
734728
736141
736203
736623
736898
736944
737337
737701
737828
738109
738286
738350
738509
738601
738608
738748
739190
739343
739778
740016
740041
740139
740542
740542
740581
740625
741088
741231
742213
742349
742349
742777
743123
743357
743442
743442
743575
743629
743639
743639
743890
744011
744028
744259
744306
744905
744905
745210
745918
745918
746470
746615
746645
747063
747122
747424
747870
748424
748424
748424
748578
748681
749952
749997
750517
750517
751388
752170
752394
752635
752894
752894
754016
754064
754104
754430
754437
754994
754994
755449
755676
755868
756579
756579
756811
757530
757530
757530
757747
760185
760185
761281
762124
762468
762535
763000
763553
763553
764134
764606
764707
765114
765417
766557
768027
768624
769136
769456
769482
769509
769549
769693
769984
770232
770367
770787
770911
771021
771051
771313
772165
772228
772458
772650
773009
773099
773336
773391
773489
773609
773663
773663
773756
774032
774638
774699
774773
775297
775498
775516
775867
775881
775983
776043
776231
776617
776690
776732
776767
776900
777352
777833
777927
777978
778087
778335
778335
778488
778488
778488
778743
778962
778962
779106
779229
780063
780153
780869
780944
781361
781530
781640
781840
782227
782258
782541
783125
783598
784383
785018
785354
785577
785816
785834
785876
786694
786768
786768
786768
786904
786960
787331
787360
787404
787529
787911
787996
787996
788830
789426
790532
790532
790631
790684
790684
791252
791442
791557
791711
791840
791881
792353
792403
792554
792705
792985
793054
793054
794264
795048
795223
795252
795799
795902
795902
796340
796435
796436
796785
797364
797496
797541
798191
798665
799280
799467
799576
800036
800036
800036
800076
800243
800559
800834
801320
801338
801584
802044
802646
804023
804137
804137
804183
804611
805356
805526
806661
807036
807194
808328
808811
809557
809581
810132
811386
811386
811421
811581
812020
812061
812081
812081
812372
812476
812476
812937
813127
813144
813345
813477
813836
814259
814304
814304
814667
814690
814961
815350
815653
815653
815653
816286
816604
816604
816650
817394
817893
817893
817909
817990
818004
818644
818769
818995
819014
819082
819425
819503
819569
820508
820683
820683
821028
821302
821795
822072
823005
823159
823176
823192
823555
823683
823797
823867
823955
824167
824643
824988
825222
825414
825502
825502
825502
825502
825727
825727
825838
826262
826314
826690
826968
827771
827885
828516
828743
828991
829778
829778
830418
830589
830626
830801
831521
831521
831521
831656
831656
831656
831656
831820
832809
833450
833673
834310
834373
834674
834751
834751
834854
834973
835318
835500
836039
836121
836264
836419
836592
836744
836802
836963
837143
838255
838569
838632
838735
838954
839201
839256
839524
839524
839524
839720
839769
839769
840031
840718
840837
840851
841011
841047
841047
841047
841092
841092
841156
841635
842316
842564
842877
843788
843958
844268
844491
844635
844669
844981
845021
845425
845784
845790
846187
846723
848153
848244
848501
848501
849019
849094
849605
849629
849812
849974
850029
850078
850231
850492
850598
850598
850598
850598
850866
850937
851265
851278
851730
852036
852480
853283
853291
853291
854028
854157
854398
854398
854484
855981
855981
855998
856152
856152
856456
856531
856531
856531
856531
857688
857882
858204
858734
858734
859035
859185
859403
860398
860461
860768
860991
861322
861322
861493
861506
861506
861506
861575
861894
862136
862136
862648
863461
863461
863718
864229
864365
864485
864485
864852
865398
865398
865582
865965
865965
867074
867437
867468
867547
867794
867795
867795
868026
868349
868364
868875
868875
868875
869501
869501
869501
869836
869836
869864
870713
870735
871195
871356
871939
872751
872800
872868
873448
873661
873706
874112
874176
874576
874699
875237
875548
875548
875548
875548
875582
875883
876047
876077
876093
876292
876577
876577
876577
876602
876672
876687
877015
877015
877015
877680
878613
879293
880138
880701
881276
881444
881882
882065
882084
882084
882844
883361
883721
884794
885198
885256
885490
885562
885562
886636
886900
886925
887054
887811
888080
888206
888363
888830
889175
889569
890036
891594
892088
892164
893152
893441
893578
893672
893713
893713
894171
894250
894395
894569
894867
894889
894917
895185
895888
896043
896641
897207
898398
898863
898897
899578
899832
899832
899905
900574
900574
900996
901164
901580
901778
902211
902211
902870
903187
903588
903612
903627
903637
904090
904479
904517
904625
905056
905592
905687
905882
906673
906820
906822
906871
906871
906871
907150
907195
907203
907364
907418
907418
907418
907875
907875
908395
908576
908787
909149
909191
909191
909404
909820
909862
910049
910124
911030
911096
911100
911100
911699
911848
912152
912707
912846
913430
913549
913589
913744
914041
914294
914798
914831
915727
915793
915823
916080
916095
916355
916369
916974
917056
917150
918042
918675
918692
919051
919083
919083
919083
919083
919102
919369
919584
919906
920901
921259
921730
921807
922093
922184
922207
922630
923042
923042
923364
923448
923714
923887
924313
924500
924500
924692
924839
925014
925516
925532
925563
926281
927450
928063
928400
928400
928400
928569
929196
929238
929968
930000
930233
930240
930265
931133
931382
931390
931887
931887
932511
932964
933000
933762
934067
934067
934067
935520
935520
935520
935657
936319
937615
937625
937625
937696
937778
938080
938196
938226
938557
938961
938981
939068
939091
939278
939592
940524
940524
941529
942234
942584
942951
943020
943020
943020
943036
943036
943147
943688
943723
943927
943927
944331
944365
944387
944597
944898
944926
945181
945618
945674
945897
946201
946201
946369
946419
946873
947784
947984
948372
949130
949465
949840
949867
951516
951584
951584
951584
951584
952387
952643
952781
953722
954278
954291
954733
954733
954733
955890
955908
956162
956252
956984
957048
957562
957783
957846
958706
958839
959247
959637
961075
961075
961077
961148
961555
961873
962315
962360
962504
962581
962924
963284
963489
963526
963584
963623
964543
964800
965588
965588
965620
965779
966128
966402
966781
966850
968131
968131
968131
968318
968450
968588
968599
968599
968823
969153
969312
969312
969312
969991
970089
970870
971334
971725
971782
971827
971885
972144
972205
972241
972322
972386
972412
972583
972639
972639
972639
973295
974543
974772
974803
974813
974813
974964
975129
975497
975627
975762
975857
975920
976242
976242
976242
976931
976973
977400
977601
978046
978046
978348
978926
978973
979264
979403
979621
979621
980299
981058
981220
981842
981889
982308
982366
982955
982955
982958
983345
983406
983732
984058
984333
984359
984359
984359
984781
985097
985504
986259
986493
986626
986842
986958
986958
987082
987805
988183
988458
988602
988758
989220
989834
989834
989847
990230
990410
990501
990667
991235
991919
992179
992402
992952
992952
993128
993145
993145
993237
993560
994012
994852
994887
994900
994976
995266
996101
996334
996349
996481
996710
996935
997608
998397
999095
999296
999478
