523
1075
2171
2327
2671
3504
3571
3656
3908
3984
4211
4464
4674
4804
6190
6213
7436
8624
8655
8692
8896
8984
9219
9256
9936
9936
9936
10100
10282
10473
10507
10534
10706
11051
11051
11197
11473
11899
12012
12012
12158
12158
12610
12610
13633
13864
14838
15435
15534
16189
16393
16573
16591
16789
17212
17381
17782
18380
18628
18628
18879
19605
19979
20252
21095
21199
21210
21210
21210
21210
21759
21784
21970
22105
22449
22454
22582
22725
22911
22963
23060
23076
23610
24117
24117
24204
24265
24265
24927
24961
25023
25023
25070
25360
25360
25902
26173
26184
26371
26841
27216
27216
27312
27447
27793
27933
28206
28432
28772
29236
29497
29603
29851
30488
30894
31288
31460
31650
31650
31650
31652
31782
31933
32026
32461
32585
33229
33229
33488
33765
33945
33971
33971
34198
34523
34548
34674
34883
35113
35174
35200
35415
35750
35837
36078
36440
36440
36464
36637
36878
37090
37220
37220
37224
37338
37385
37512
38377
38377
38432
38532
38545
39398
40192
40477
40477
40707
41256
41480
41973
42077
42162
42162
42548
42589
43013
43325
43391
43491
43553
43731
44070
44070
44205
44366
44397
44397
44681
45822
45849
45849
45963
46163
46163
46828
47382
47382
47635
47686
47686
47707
47797
47834
48004
48097
48097
48097
48097
48179
48190
48190
48219
48219
49396
49410
49499
49507
49750
50579
50579
51306
51451
51469
51469
51849
52039
52152
52206
52279
52540
52540
52540
52656
52865
52927
53235
53455
53455
53456
53577
53692
53760
54583
54650
54681
54694
55117
55889
56198
57090
57293
58044
59144
59703
59842
60793
61048
61051
61051
61081
61710
61819
61993
62364
63530
63530
63530
63530
63554
64134
65301
65453
65453
65534
65534
65534
67146
67407
67407
67407
67498
67665
68466
69116
69179
69348
69711
70494
72179
72191
72540
72782
73077
73327
73466
73555
73980
74162
74475
74829
74994
74994
75542
75542
75772
75845
76285
77109
77454
77454
78048
78254
79046
79046
79208
79282
79608
79796
80139
80204
80324
81150
81224
81266
81801
82601
82825
83580
83623
84152
84352
84676
85013
85057
85057
85057
85802
86133
86755
87194
87394
87638
87767
87769
88315
88623
88662
89408
89510
89547
89957
90008
90817
91045
92603
92669
92991
93530
93614
94450
94522
94565
95195
95610
95671
95878
96231
96306
97310
97883
98434
98662
98884
99326
99599
99949
100363
101709
101924
101924
101952
102010
102010
102081
102611
102611
102978
103431
104104
104104
104614
104753
105439
106077
106327
106457
106488
106630
107302
107748
108577
108577
108852
109308
109338
109475
109698
110065
110414
110705
110879
110884
111281
111315
111784
111794
111802
111802
112794
114020
114399
114545
114905
115233
115291
115672
116196
116542
116867
117546
118309
118309
118402
118771
118799
118871
118946
119076
119535
119979
120288
120335
120373
120373
120427
120596
120786
121640
122567
123688
123688
124139
124325
124512
125085
125096
125846
126149
126472
126472
126759
126964
127885
128161
128719
128923
129683
130323
130336
132027
132105
132161
132673
132721
132721
132721
132885
133682
133959
133959
133959
134322
134576
134781
134905
134979
135345
135451
135961
136163
137496
137873
137934
138099
138422
138422
138888
139230
139380
139438
139482
140001
140001
140429
140902
141383
141777
141944
141944
142422
142422
142854
142997
143134
143270
144074
144391
144406
144729
144732
144778
144974
145001
145042
145142
145169
145228
145473
145554
145690
145690
145698
145772
146686
147713
148128
148136
148395
148564
148566
148566
148615
150051
150142
150149
150149
150214
150286
150286
150392
150481
150888
150975
151663
152986
153006
153006
153006
153006
153011
153011
153541
153541
153541
153746
154462
154529
154985
154985
154985
155392
155452
155568
156033
156314
156384
156751
156776
157019
157686
157978
159344
159925
160060
160099
160266
161043
161154
161432
161772
161785
161847
161975
161975
162616
163425
163659
163725
164303
164522
164641
164793
165100
165126
165511
165685
166196
167256
167256
167256
167270
168039
168678
168752
169224
169574
169628
170525
170689
171605
171920
172570
172952
173089
174001
174278
175053
175206
175434
175699
175755
176099
176282
176442
176442
176759
177591
178414
178596
178863
178898
178980
178980
179416
179425
179470
179997
180136
180531
181639
182228
182653
182675
182747
183032
183306
183439
183458
183471
183471
183605
183605
183793
184995
185568
185769
186411
186508
187370
187532
187662
187853
187886
188016
188322
188322
188490
188958
189426
189495
189980
190023
190034
190534
191406
191781
191785
191785
192164
192164
192173
192176
192326
192426
192426
192751
192942
193068
193089
193089
194296
194904
196168
196168
196393
196525
197528
197971
198645
198772
199475
199475
199475
199867
200521
200561
200561
200561
201030
201318
201318
201318
201412
202193
202265
202736
203410
203465
203465
203619
203808
204107
204632
205212
205319
205348
205717
206128
206247
206318
206650
206749
206763
207180
207193
207355
207355
208314
208314
208582
208583
208583
208784
209098
209202
209556
209790
210495
210504
211116
211169
211581
211584
211996
212065
212149
212582
212582
213297
214005
214164
214203
215005
216311
216605
217049
218395
218767
218907
219238
220211
220536
220610
220676
221957
222200
222363
222448
222565
222768
223545
224285
224750
224872
224872
225223
225713
225713
226227
226611
226985
227019
227046
227463
227492
227526
227812
228359
228479
228719
228978
229712
229712
229714
229906
230503
231148
231353
231558
231558
231668
231668
231865
231865
231884
232301
233770
233770
234593
234730
235495
235522
235590
235609
235984
235984
236370
236370
237051
237051
237106
237393
238066
238066
238105
238575
240037
240037
240176
240540
240711
240847
240847
240847
240992
241323
241609
241701
241724
241937
242002
242507
242798
242887
244407
244948
245102
245194
245274
245274
245837
246149
246428
246706
246864
247606
247618
247815
247948
250409
250742
252837
253200
253431
253532
254369
254487
254649
254938
255103
255837
255915
256422
256642
256867
257498
258708
259002
259011
260984
261074
261206
261868
262150
262603
263090
263109
265551
266000
266733
266909
267249
267307
268122
268281
268392
269912
271351
273306
273453
273614
274527
275771
276255
277228
277845
278356
279004
279492
281187
281536
281814
282262
282440
282803
282889
283993
286087
286420
286533
286823
286913
286995
287652
287662
287907
288414
289554
289635
291278
292616
292971
293322
294609
295226
296004
296622
297926
298216
298216
298545
298644
298645
298876
299311
299312
299724
300765
301123
301178
301515
301989
304375
305113
305469
305671
305783
306116
306295
306360
306370
306730
306976
308612
309157
310164
310350
312054
312121
312637
314024
315014
315967
316389
316389
316846
316901
318527
318615
318948
318958
319256
319651
320300
320499
321102
321937
323156
324623
326195
326218
326581
329262
330427
330482
330715
331088
332289
332354
332773
332828
333495
333536
333681
334140
335434
336505
337245
337423
338128
338442
338724
339722
340124
340377
340566
340661
340689
341400
342062
342361
343073
343920
344492
344492
346111
347271
348705
348705
349794
350051
352111
352111
353272
354865
355148
355386
355540
356756
357864
360314
360814
361307
361318
361338
362343
363571
364340
364833
366700
367189
368248
368334
369028
370577
370767
371249
372931
374175
374775
374926
375466
375622
375765
376328
376509
377113
377822
378094
378515
379069
379277
380175
380780
380959
384600
385398
386175
387510
388091
388323
388601
389531
390336
391539
392061
392512
393659
394031
394070
394432
394516
395164
395241
396382
397010
397693
398014
400317
401680
402000
402536
403036
403093
403619
404321
405959
406060
407445
410393
411012
411507
413631
413737
413783
413800
414201
414450
414450
416459
416555
417044
418323
418902
419731
422121
422774
424132
424156
424633
425142
425191
425854
425994
427121
427388
427589
428160
428494
428872
430671
431090
431314
431326
431853
433029
433937
435468
435842
436272
436764
437158
437251
439754
439763
439858
439918
441286
441807
442432
442965
442998
443396
443893
444161
444914
445182
446243
447007
447748
447812
449118
449377
449749
450239
450698
452205
453001
453376
453758
456333
458099
458600
460270
461254
461562
461901
463724
464645
464912
466025
466081
467385
467834
468415
469813
470519
471028
471489
471761
472570
473027
473528
473656
474458
474740
475309
476039
476461
477055
477227
477281
478380
478796
479062
479958
480107
480755
480858
481133
481533
481555
481993
482544
483236
483347
483833
484596
485494
486141
486653
487106
487944
490239
490249
490281
490727
491353
492171
492263
492835
492877
493099
493501
494331
495209
495731
496092
496261
496561
497020
498383
499517
499575
499927
500302
501122
503864
505602
507786
507994
509200
509203
509231
509566
509653
509653
510754
512025
512224
512525
512877
514586
514689
514829
517580
518037
519265
520373
520614
520853
521170
521476
523298
523723
524237
526761
526781
527089
527515
527846
528006
529051
530932
532941
532941
533792
535822
535827
535955
537161
537161
537615
537692
538151
540296
540948
542277
542417
542471
543131
543586
544297
545193
545738
545738
546319
546619
547676
547922
549397
549405
549546
549593
549799
550793
554393
554597
556917
557164
559733
560041
560228
560750
560818
561816
562862
562885
563541
563632
564616
564633
565171
565801
566280
567209
567528
567732
572373
572972
573313
573923
574444
574523
575375
576477
576921
577709
577725
580257
581980
583561
583561
584233
584263
585289
585626
587093
587886
589357
590116
590623
592832
592964
594002
594436
595535
596783
596790
596996
598367
600191
600675
600928
601881
602172
602455
603030
603241
603870
604113
604775
604799
604901
605457
605748
605822
605875
606070
606694
606769
606991
607460
607947
608218
608951
611255
611614
612905
613311
614506
614508
614693
615169
615355
615812
617153
619237
620984
621051
621177
621810
622480
622665
623955
624181
624399
624916
625605
626055
626123
627768
629147
630305
630324
630531
631253
632049
632187
632304
632304
632350
633005
633847
635531
636294
636390
636997
639022
640602
641272
641330
642351
642916
642916
645147
645162
645838
646589
647238
648453
650986
652966
653064
654955
657113
657948
658214
658962
659132
659234
661833
662078
662684
663239
664543
664779
665382
665450
666394
666853
666878
666993
667423
667538
667841
668029
670806
671421
671503
672421
672448
672700
672807
673161
675361
675856
675989
676944
677044
677200
678566
679123
679151
680302
681071
681970
683984
685693
685958
687446
687703
687773
688504
689180
689232
689750
691350
691914
692404
692553
692623
693079
693724
694653
696322
696393
696867
697320
697389
697658
697948
698360
698550
698550
700081
700675
701149
701939
703685
703749
704888
705256
707466
707750
709117
709602
709850
710189
710264
711002
711323
711323
711780
713757
714219
714327
714768
714768
714800
715435
716403
716566
716822
717422
717934
719510
719659
719855
719855
720392
720764
723255
724212
724220
724582
725346
725346
726219
726749
727106
728648
730799
731457
732250
733092
733105
733680
734226
734728
736141
736203
736944
737337
737828
738286
738509
738601
739190
739343
740016
740041
740542
741231
742213
742777
743123
743357
743442
743629
743639
744011
744259
744905
745210
745918
745918
746470
746645
747063
748424
752170
752894
754104
754437
754994
755676
755868
756579
757530
760185
761281
763000
763553
763553
764707
766557
768027
769456
769509
770367
770911
771051
772165
772650
773336
773391
774638
775498
775516
775881
775983
776043
776617
776767
777352
777833
777927
778087
778335
778488
778962
779106
780063
781361
781530
783125
783598
784383
785354
786768
787331
787360
787996
789426
790532
791711
791881
792403
792554
792985
793054
794264
795902
796340
796435
797541
798665
799467
799576
800036
800076
800243
800559
801320
804023
804183
805356
806661
807036
807194
808328
808811
810132
811386
811581
812081
812476
812937
813144
813345
813836
814304
814667
814961
815653
816604
817394
817893
818644
819425
820683
821028
821795
822072
823192
823555
823867
824988
825222
825414
825502
826262
826690
827771
828516
828991
829778
830589
830626
830801
831521
831656
831656
831820
832809
833673
834310
834373
834751
834973
835318
836419
836592
836802
836963
838255
838735
838954
839201
839524
839769
840031
840851
841047
841092
841635
842564
842877
843788
843958
844669
844981
845425
846723
849019
849094
849605
849629
849812
850029
850231
850598
850866
850937
851265
851278
852480
853291
854157
854398
854484
855981
855998
856152
856456
856531
857882
858734
860768
860991
861322
861506
861575
861894
862136
863718
864365
864852
865398
867074
867468
867547
867795
868026
868875
869501
869836
870713
871195
871356
871939
872868
873661
874699
875237
875548
875883
876047
876077
876093
876577
877015
879293
880138
881276
882844
883361
884794
885562
886900
886925
888080
888363
889175
889569
892088
892164
893152
893578
893713
894171
894250
894395
894867
894889
895888
897207
898863
898897
899578
899832
899905
900574
900996
901164
901778
902211
902211
903588
903612
903627
904479
904517
904625
905592
905882
906673
906820
906822
906871
907150
907195
907418
907875
909149
909191
910124
911100
911848
913430
914798
916080
916369
916974
917056
917150
918675
919051
919083
919083
922093
922207
923042
923364
923887
924500
924692
925516
926281
927450
928400
928569
929196
930265
931382
931887
933762
934067
935520
937615
937625
938557
938961
939278
941529
942584
942951
943020
943036
943147
943927
944597
944926
945181
945618
945674
945897
946201
946873
947984
949840
949867
951584
952781
953722
956984
957562
957783
957846
958706
959247
959637
961075
961077
961555
961873
962360
962924
963526
963584
963623
965588
966781
966850
968131
968131
968599
969312
970870
971334
971725
972144
972386
972639
973295
974543
974813
975762
975857
976242
976973
978973
979403
979621
980299
981058
981220
981842
982955
982958
983345
983732
984058
984359
986493
986842
986958
987805
988458
988758
989220
989834
990230
990410
990501
990667
992402
992952
992952
993145
994887
994976
996101
997608
94533
794545
794548
794588
794595
794605
794607
794612
794658
794663
794675
794741
794742
794752
794787
794790
794791
794794
794797
794826
794835
794848
794865
794874
794877
794878
794899
794910
794912
794912
794915
794921
794921
794925
794943
794955
794980
794989
794994
795026
795034
795035
795038
795044
795057
795062
795066
795066
795068
795072
795079
795079
795130
795142
795151
795158
795164
795168
795172
795181
795195
795211
795212
795220
795226
795230
795234
795240
795245
795247
795259
795264
795298
795307
795311
795317
795322
795324
795328
795331
795368
795385
795394
795408
795413
795421
795427
795430
795440
795473
795474
795490
795525
795545
795551
795554
795556
795557
795576
795583
795599
795600
795603
795605
795605
795612
795615
795626
795632
795648
795651
795655
795657
795664
795671
795706
795719
795735
795754
795770
795785
795790
795790
795813
795824
795840
795856
795860
795861
795866
795872
795876
795901
795909
795939
795951
795952
795961
795969
795970
795982
796007
796026
796039
796050
796055
796109
796111
796138
796139
796141
796152
796160
796168
796185
796205
796216
796216
796220
796222
796237
796244
796260
796289
796295
796301
796303
796304
796307
796309
796325
796326
796336
796338
796344
796352
796357
796359
796362
796371
796379
796397
796399
796403
796406
796420
796456
796462
796482
796503
796527
796532
796549
796575
796599
796599
796601
796614
796627
796640
796663
796677
796695
796701
796707
796709
796742
796746
796753
796759
796759
796776
796779
796799
796800
796803
796806
796821
796829
796830
796841
796849
796851
796856
796863
796875
796878
796883
796892
796893
796915
796940
796941
796960
796963
796968
796979
796986
796996
796999
797005
797016
797024
797038
797052
797061
797087
797103
797110
797128
797129
797145
797145
797154
797156
797164
797167
797178
797188
797191
797195
797196
797213
797215
797225
797231
797238
797258
797263
797269
797294
797297
797302
797319
797321
797330
797351
797364
797364
797367
797380
797389
797401
797404
797408
797430
797454
797460
797469
797511
797572
797579
797583
797584
797586
797596
797597
797637
797648
797649
797656
797688
797701
797715
797716
797730
797731
797732
797743
797754
797755
797784
797786
797811
797817
797842
797843
797852
797856
797860
797866
797876
797879
797898
797901
797908
797912
797922
797944
797945
797954
797955
797956
797976
797983
798009
798041
798046
798056
798056
798063
798072
798090
798107
798134
798142
798175
798205
798214
798215
798216
798222
798227
798227
798253
798264
798286
798310
798324
798327
798359
798372
798373
798374
798374
798378
798380
798386
798390
798394
798401
798401
798415
798415
798417
798426
798429
798433
798442
798445
798460
798462
798465
798474
798483
798486
798500
798544
798564
798569
798577
798583
798596
798612
798615
798616
798620
798624
798642
798647
798648
798671
798680
798705
798722
798728
798733
798735
798739
798744
798746
798749
798749
798752
798753
798753
798758
798758
798760
798795
798798
798807
798809
798816
798840
798845
798857
798869
798870
798884
798896
798912
798912
798920
798945
798950
798957
798963
798986
798999
799039
799041
799043
799043
799048
799062
799066
799071
799088
799109
799119
799138
799178
799190
799221
799232
799253
799265
799273
799281
799295
799300
799302
799310
799318
799321
799335
799351
799355
799363
799367
799371
799381
799382
799436
799446
799467
799469
799473
799502
799513
799523
799529
799540
799553
799560
799565
799577
799582
799588
799597
799602
799606
799607
799613
799614
799619
799623
799633
799637
799638
799652
799672
799683
799686
799687
799696
799730
799741
799744
799753
799761
799762
799771
799773
799786
799793
799798
799805
799805
799814
799818
799822
799827
799837
799846
799846
799855
799861
799870
799877
799886
799888
799890
799893
799906
799909
799916
799921
799923
799929
799931
799931
799949
799959
799964
799964
799972
799983
799991
800038
800041
800063
800063
800067
800078
